0205103657
0205103800
0205103933
0205104038
0205104204
0205104358
0525032442
0525033037
0525033139
0525033229
0525034200
0525034253
0527020331
0527020401
0527020435
0527020538
0527020630
0527020710
0527020755
0527020828
0527020914
0823160600
0823160700
0527021138
0527021234
0527021331
0527021407
0527021436
0527021506
0527021530
0527021610
0527021635
0527021658
0527021739
0527021815
0527021849
0527022037
0527022249
0527022409
0527022530
0527022559
0527022625
0527022904
0527022927
0823160800
0823160900
1218123823
1218123930
1218123958
1218124027
1218124227
1218124303
1218124330
1218124400
1218124506
1218124620
1218124644
1218124825
1218124922
1218124955
1218125138
1218125205
1218125231
1218125341
1218125416
1218125446
1218125612
0823161200
0823161300
1218125704
1216023654
1216024306
1218122059
1218122321
1218122453
0809113800
0809114200
0809114500
0809114700
0809114900
0525035053
0525035946
0525040044
0527020105
0527020224
0205102613
0205102837
0205103137
0205103343
0205103442
0823161400
0823161500